
B =

     2     2     2     2
     1     2     3     2
     8     9     2     3
     7     8     2     0
     8     5     9     2
     6     9     7     4


b =

     2
     0
     0
     1


c =

    12


A =

   218   228   151    70
   228   259   152    81
   151   152   151    62
    70    81    62    37


C =

    16    16    44    34    48    52
    16    18    38    29    49    53
    44    38   158   132   133   155
    34    29   132   117   114   128
    48    49   133   114   174   164
    52    53   155   128   164   182


rnk_A =

     4


rnk_B =

     4


rnk_C =

     4


x =

     1
     2
    -1
    -2


f_x =

  449.5000


I =

     1     0     0     0
     0     1     0     0
     0     0     1     0
     0     0     0     1


D =

   219   228   151    70
   228   260   152    81
   151   152   152    62
    70    81    62    38


d =

   1.7342e+06


T =

   1.0e+05 *

    1.5378   -1.2448   -0.6270    0.8435
   -1.2448    1.2255    0.4225   -1.0085
   -0.6270    0.4225    0.6299   -0.7733
    0.8435   -1.0085   -0.7733    2.3139


invD =

    0.0887   -0.0718   -0.0362    0.0486
   -0.0718    0.0707    0.0244   -0.0582
   -0.0362    0.0244    0.0363   -0.0446
    0.0486   -0.0582   -0.0446    0.1334


A21 =

   218   228   151    70
   151   152   151    62
    70    81    62    37


A21 =

   228   151    70
   152   151    62
    81    62    37


det_A21 =

   1.1001e+05


C_Alg_A21 =

  -1.1001e+05


L =

    1.0000         0         0         0
    0.9561    1.0000         0         0
    0.6623    0.9944    1.0000         0
    0.3070   -0.0755    0.3526    1.0000


U =

  228.0000  259.0000  152.0000   81.0000
         0  -19.6404    5.6667   -7.4474
         0         0   44.6983   15.7611
         0         0         0    6.0120


P =

     0     1     0     0
     1     0     0     0
     0     0     1     0
     0     0     0     1


c =

         0
    2.0000
   -1.9888
    1.8522


xc =

    0.2912
   -0.2628
   -0.1531
    0.3081


norm_1 =

   5.3291e-15


b =

    70
    81
    62
    37


A =

   218   228   151
   228   259   152
   151   152   151
    70    81    62


Q =

   -0.6112    0.3860    0.5994    0.3437
   -0.6393   -0.6640   -0.0018   -0.3879
   -0.4234    0.5755   -0.6393   -0.2844
   -0.1963   -0.2809   -0.4817    0.8066


R =

 -356.6637 -385.1752 -265.5583
         0  -19.2379   26.8455
         0         0  -36.1679
         0         0         0


xo =

   -0.6979
    0.6804
    0.4327


bs =

   68.3335
   82.8809
   63.3790
   33.0890


xo =

   -0.6979
    0.6804
    0.4327


A =

  218.0000  228.0000  151.0000   68.3335
  228.0000  259.0000  152.0000   82.8809
  151.0000  152.0000  151.0000   63.3790
   70.0000   81.0000   62.0000   33.0890


C =

  218.0000  228.0000  151.0000   69.1667
  228.0000  259.0000  152.0000   81.9404
  151.0000  152.0000  151.0000   62.6895
   69.1667   81.9404   62.6895   33.0890


norm_2 =

     0


Q =

   -0.4125   -0.6698   -0.1769    0.5915
    0.4287    0.4261   -0.4751    0.6395
    0.2917   -0.0126    0.8478    0.4427
   -0.7490    0.6080    0.1557    0.2127


D =

   -0.1307         0         0         0
         0   13.0163         0         0
         0         0   45.8194         0
         0         0         0  602.3840


T =

  218.0000  228.0000  151.0000   69.1667
  228.0000  259.0000  152.0000   81.9404
  151.0000  152.0000  151.0000   62.6895
   69.1667   81.9404   62.6895   33.0890

