
A =

   1.0e+04 *

  Columns 1 through 17

    0.0215    0.0039    0.0043    0.0073    0.0152    0.0263    0.0030    0.0116    0.0014    0.0061    0.0025    0.0884    0.0038    0.0130    0.0449    0.0149    0.0060
    0.0026    0.0003    0.0001    0.0005    0.0010    0.0014    0.0001    0.0009    0.0002    0.0003    0.0002         0    0.0001    0.0003         0    0.0026    0.0011
    0.0011    0.0001    0.0000    0.0003    0.0011    0.0021    0.0000    0.0000    0.0000    0.0003    0.0000    0.0100    0.0000    0.0000    0.0050    0.0004    0.0000
         0    0.0009    0.0010    0.0007    0.0001    0.0004    0.0008    0.0020    0.0002    0.0005    0.0005         0    0.0009    0.0028    0.0003         0    0.0006
    0.0007    0.0036    0.0027    0.0010    0.0042    0.0493    0.0011    0.0019    0.0036    0.0119    0.0005    0.0000    0.0020    0.0010         0    0.0017    0.0020
    0.0003    0.0001    0.0001    0.0001    0.0001    0.0001    0.0000    0.0003    0.0001    0.0000    0.0001    0.0000    0.0000    0.0001         0    0.0001    0.0002
    0.0027    0.0020    0.0015    0.0004    0.0009    0.0019    0.0008    0.0036    0.0006    0.0013    0.0010    0.0000    0.0010    0.0012         0    0.0033    0.0040
    0.0211    0.0056    0.0044    0.0030    0.0148    0.0337    0.0009    0.0180    0.0045    0.0093    0.0104    0.0001    0.0033    0.0043         0    0.0295    0.0130
    0.0367    0.0317    0.0323    0.0045    0.0101    0.0062    0.0129    0.0369    0.0290    0.0152    0.0370         0    0.0157    0.0035    0.0008    0.0414    0.0212
    0.0069    0.0021    0.0035    0.0354    0.0270    0.1116         0    0.0002    0.0008    0.0049    0.0004    0.0000    0.0003    0.0001    0.0001    0.0086    0.5586
    0.5290    0.0000    0.0000    0.0000    0.0001    0.0003    0.0000    0.0001    0.0000    0.0000    0.0001    0.0000    0.0000    0.0000         0    0.0001    0.0000
    0.0000    0.0000    0.0000    0.0000    0.0000    0.0000    0.0000    0.0000    0.0000    0.0000    0.0000         0    0.0000    0.0000         0    0.0000    0.0000
         0    0.0062    0.0009         0         0         0    0.0038    0.0001    0.0024    0.0001    0.0003         0    0.0006         0         0         0         0
    0.0000    0.0000    0.0000    0.0000    0.0000    0.0000    0.0000    0.0000    0.0000    0.0000    0.0000         0    0.0000    0.0000         0    0.0000    0.0000
    0.0000    0.0000    0.0000    0.0000    0.0000    0.0001    0.0000    0.0000    0.0000    0.0000    0.0000         0    0.0000    0.0000         0    0.0000    0.0000
    0.0005    0.0001    0.0001    0.0002    0.0000    0.0001    0.0000    0.0001    0.0001    0.0000    0.0004         0    0.0000    0.0001         0    0.0009    0.0004
    0.0000    0.0000    0.0000    0.0015    0.0001    0.0001    0.0000    0.0001    0.0000    0.0000    0.0002         0    0.0000    0.0000         0    0.0001    0.0000
    0.0000    0.0000    0.0147    0.0000    0.0000    0.0000    0.0000    0.0000    0.0000    0.0000    0.0000         0    0.0000    0.0000         0    0.0000    0.0000
    0.0002         0         0    0.0000    0.0001    0.0002         0         0         0    0.0000         0         0         0         0         0    0.0003         0
         0    0.0719    2.8129    0.0509    0.0654    0.0447    0.0259    0.0008    0.2600    0.0126         0         0         0         0         0    0.0136         0

  Columns 18 through 20

    0.0023    0.0021    0.0201
    0.0003    0.0001    0.0003
    0.0000    0.0000    0.0011
    0.0004    0.0005    0.0024
    0.0136    0.0005    0.0128
    0.0004    0.0000    0.0000
    0.0087    0.0011    0.0014
    0.0056    0.0024    0.0105
    0.0466    0.0222    0.0199
    0.0070    0.0009    0.0080
    0.0001    0.0000    0.0001
    0.0000    0.0000    0.0000
    0.0010    0.0019    0.0001
    0.0000    0.0000    0.0000
    0.0000    0.0000    0.0000
    0.0000    0.0001    0.0000
    0.0000    0.0000    0.0001
    0.0000    0.0000    0.0000
         0         0    0.0000
    0.8190    0.0623    0.0409


D =

  Columns 1 through 17

    1.7000         0         0         0         0         0         0         0         0         0         0         0         0         0         0         0         0
         0    0.7800         0         0         0         0         0         0         0         0         0         0         0         0         0         0         0
         0         0    0.6100         0         0         0         0         0         0         0         0         0         0         0         0         0         0
         0         0         0    2.4000         0         0         0         0         0         0         0         0         0         0         0         0         0
         0         0         0         0    0.6100         0         0         0         0         0         0         0         0         0         0         0         0
         0         0         0         0         0    0.3800         0         0         0         0         0         0         0         0         0         0         0
         0         0         0         0         0         0    1.2300         0         0         0         0         0         0         0         0         0         0
         0         0         0         0         0         0         0    1.9800         0         0         0         0         0         0         0         0         0
         0         0         0         0         0         0         0         0    0.2800         0         0         0         0         0         0         0         0
         0         0         0         0         0         0         0         0         0    2.4400         0         0         0         0         0         0         0
         0         0         0         0         0         0         0         0         0         0    0.3500         0         0         0         0         0         0
         0         0         0         0         0         0         0         0         0         0         0    0.1350         0         0         0         0         0
         0         0         0         0         0         0         0         0         0         0         0         0    1.1000         0         0         0         0
         0         0         0         0         0         0         0         0         0         0         0         0         0    1.5800         0         0         0
         0         0         0         0         0         0         0         0         0         0         0         0         0         0    2.5000         0         0
         0         0         0         0         0         0         0         0         0         0         0         0         0         0         0    1.2400         0
         0         0         0         0         0         0         0         0         0         0         0         0         0         0         0         0    0.1800
         0         0         0         0         0         0         0         0         0         0         0         0         0         0         0         0         0
         0         0         0         0         0         0         0         0         0         0         0         0         0         0         0         0         0
         0         0         0         0         0         0         0         0         0         0         0         0         0         0         0         0         0

